0.057735026918962588 -0.057735026918962588 -0.057735026918962588
0.06092076990801714 -0.06092076990801714 -0.050767308256680958
0.063960214906683119 -0.063960214906683119 -0.042640143271122088
0.066666666666666666 -0.066666666666666666 -0.033333333333333333
0.068824720161168529 -0.068824720161168529 -0.022941573387056182
0.070224688317678349 -0.070224688317678349 -0.011704114719613063
0.070710678118654752 -0.070710678118654752 0
0.070224688317678349 -0.070224688317678349 0.011704114719613048
0.068824720161168529 -0.068824720161168529 0.022941573387056172
0.066666666666666666 -0.066666666666666666 0.033333333333333333
0.063960214906683133 -0.063960214906683133 0.042640143271122082
0.060920769908017147 -0.060920769908017147 0.050767308256680958
0.057735026918962588 -0.057735026918962588 0.057735026918962588
0.06092076990801714 -0.050767308256680958 -0.06092076990801714
0.064699663922063042 -0.053916386601719206 -0.053916386601719206
0.068376345875782771 -0.056980288229818966 -0.045584230583855183
0.071713716560063617 -0.059761430466719681 -0.035856858280031809
0.074420840753525064 -0.06201736729460422 -0.024806946917841691
0.076200076200114292 -0.063500063500095252 -0.012700012700019053
0.076822127959737585 -0.064018439966447988 0
0.076200076200114319 -0.063500063500095266 0.012700012700019039
0.074420840753525064 -0.06201736729460422 0.024806946917841684
0.071713716560063617 -0.059761430466719681 0.035856858280031809
0.068376345875782771 -0.05698028822981898 0.045584230583855169
0.064699663922063055 -0.053916386601719213 0.053916386601719206
0.06092076990801714 -0.050767308256680958 0.06092076990801714
0.063960214906683119 -0.042640143271122088 -0.063960214906683119
0.068376345875782771 -0.045584230583855183 -0.056980288229818966
0.072760687510899882 -0.048507125007266595 -0.048507125007266595
0.076822127959737585 -0.05121475197315839 -0.038411063979868793
0.080178372573727313 -0.053452248382484885 -0.026726124191242442
0.082416338369213415 -0.054944225579475606 -0.013736056394868907
0.083205029433784383 -0.055470019622522918 0
0.082416338369213415 -0.05494422557947562 0.013736056394868891
0.080178372573727313 -0.053452248382484885 0.026726124191242429
0.076822127959737585 -0.05121475197315839 0.038411063979868793
0.072760687510899896 -0.048507125007266602 0.048507125007266588
0.068376345875782771 -0.04558423058385519 0.056980288229818966
0.063960214906683119 -0.042640143271122088 0.063960214906683119
0.066666666666666666 -0.033333333333333333 -0.066666666666666666
0.071713716560063617 -0.035856858280031809 -0.059761430466719681
0.076822127959737585 -0.038411063979868793 -0.05121475197315839
0.081649658092772623 -0.040824829046386311 -0.040824829046386311
0.085714285714285715 -0.042857142857142858 -0.028571428571428577
0.08846517369293827 -0.044232586846469135 -0.01474419561548972
0.089442719099991588 -0.044721359549995794 0
0.088465173692938284 -0.044232586846469142 0.014744195615489702
0.085714285714285715 -0.042857142857142858 0.028571428571428567
0.081649658092772623 -0.040824829046386311 0.040824829046386311
0.076822127959737585 -0.038411063979868793 0.051214751973158383
0.071713716560063631 -0.035856858280031816 0.059761430466719681
0.066666666666666666 -0.033333333333333333 0.066666666666666666
0.068824720161168529 -0.022941573387056182 -0.068824720161168529
0.074420840753525064 -0.024806946917841691 -0.06201736729460422
0.080178372573727313 -0.026726124191242442 -0.053452248382484885
0.085714285714285715 -0.028571428571428577 -0.042857142857142858
0.090453403373329078 -0.030151134457776365 -0.030151134457776365
0.093704257133163646 -0.031234752377721216 -0.015617376188860613
0.094868329805051388 -0.031622776601683798 0
0.093704257133163646 -0.031234752377721216 0.015617376188860594
0.090453403373329078 -0.030151134457776365 0.030151134457776355
0.085714285714285715 -0.028571428571428577 0.042857142857142858
0.080178372573727327 -0.026726124191242446 0.053452248382484871
0.074420840753525078 -0.024806946917841698 0.062017367294604234
0.068824720161168529 -0.022941573387056182 0.068824720161168529
0.070224688317678349 -0.011704114719613063 -0.070224688317678349
0.076200076200114319 -0.012700012700019057 -0.063500063500095266
0.082416338369213415 -0.01373605639486891 -0.05494422557947562
0.08846517369293827 -0.01474419561548972 -0.044232586846469135
0.093704257133163646 -0.015617376188860613 -0.031234752377721216
0.097332852678457524 -0.016222142113076262 -0.016222142113076262
0.098639392383214369 -0.016439898730535734 0
0.097332852678457524 -0.016222142113076262 0.016222142113076238
0.093704257133163646 -0.015617376188860613 0.031234752377721206
0.08846517369293827 -0.01474419561548972 0.044232586846469135
0.082416338369213415 -0.01373605639486891 0.054944225579475606
0.076200076200114319 -0.012700012700019057 0.063500063500095252
0.070224688317678349 -0.011704114719613063 0.070224688317678349
0.070710678118654752 0 -0.070710678118654752
0.076822127959737585 0 -0.064018439966447988
0.083205029433784383 0 -0.055470019622522918
0.089442719099991588 0 -0.044721359549995794
0.094868329805051388 0 -0.031622776601683798
0.098639392383214369 0 -0.016439898730535734
0.10000000000000001 0 0
0.098639392383214397 0 0.016439898730535717
0.094868329805051388 0 0.031622776601683784
0.089442719099991588 0 0.044721359549995794
0.083205029433784383 0 0.055470019622522918
0.076822127959737585 0 0.064018439966447988
0.070710678118654752 0 0.070710678118654752
0.070224688317678349 0.011704114719613048 -0.070224688317678349
0.076200076200114319 0.012700012700019039 -0.063500063500095266
0.082416338369213415 0.013736056394868891 -0.05494422557947562
0.088465173692938284 0.014744195615489702 -0.044232586846469142
0.093704257133163646 0.015617376188860594 -0.031234752377721216
0.097332852678457524 0.016222142113076238 -0.016222142113076262
0.098639392383214397 0.016439898730535717 0
0.097332852678457538 0.016222142113076241 0.016222142113076241
0.093704257133163646 0.015617376188860594 0.031234752377721206
0.088465173692938284 0.014744195615489702 0.044232586846469142
0.082416338369213415 0.013736056394868891 0.054944225579475606
0.076200076200114319 0.012700012700019039 0.063500063500095252
0.070224688317678349 0.011704114719613048 0.070224688317678349
0.068824720161168529 0.022941573387056172 -0.068824720161168529
0.074420840753525064 0.024806946917841684 -0.06201736729460422
0.080178372573727313 0.026726124191242429 -0.053452248382484885
0.085714285714285715 0.028571428571428567 -0.042857142857142858
0.090453403373329078 0.030151134457776355 -0.030151134457776365
0.093704257133163646 0.031234752377721206 -0.015617376188860613
0.094868329805051388 0.031622776601683784 0
0.093704257133163646 0.031234752377721206 0.015617376188860594
0.090453403373329078 0.030151134457776355 0.030151134457776355
0.085714285714285715 0.028571428571428567 0.042857142857142858
0.080178372573727327 0.026726124191242435 0.053452248382484871
0.074420840753525078 0.024806946917841688 0.062017367294604234
0.068824720161168529 0.022941573387056172 0.068824720161168529
0.066666666666666666 0.033333333333333333 -0.066666666666666666
0.071713716560063617 0.035856858280031809 -0.059761430466719681
0.076822127959737585 0.038411063979868793 -0.05121475197315839
0.081649658092772623 0.040824829046386311 -0.040824829046386311
0.085714285714285715 0.042857142857142858 -0.028571428571428577
0.08846517369293827 0.044232586846469135 -0.01474419561548972
0.089442719099991588 0.044721359549995794 0
0.088465173692938284 0.044232586846469142 0.014744195615489702
0.085714285714285715 0.042857142857142858 0.028571428571428567
0.081649658092772623 0.040824829046386311 0.040824829046386311
0.076822127959737585 0.038411063979868793 0.051214751973158383
0.071713716560063631 0.035856858280031816 0.059761430466719681
0.066666666666666666 0.033333333333333333 0.066666666666666666
0.063960214906683133 0.042640143271122082 -0.063960214906683133
0.068376345875782771 0.045584230583855169 -0.05698028822981898
0.072760687510899896 0.048507125007266588 -0.048507125007266602
0.076822127959737585 0.051214751973158383 -0.038411063979868793
0.080178372573727327 0.053452248382484871 -0.026726124191242446
0.082416338369213415 0.054944225579475606 -0.01373605639486891
0.083205029433784383 0.055470019622522918 0
0.082416338369213415 0.054944225579475606 0.013736056394868891
0.080178372573727327 0.053452248382484871 0.026726124191242435
0.076822127959737585 0.051214751973158383 0.038411063979868793
0.07276068751089991 0.048507125007266595 0.048507125007266595
0.068376345875782771 0.045584230583855176 0.05698028822981898
0.063960214906683133 0.042640143271122082 0.063960214906683133
0.060920769908017147 0.050767308256680958 -0.060920769908017147
0.064699663922063055 0.053916386601719206 -0.053916386601719213
0.068376345875782771 0.056980288229818966 -0.04558423058385519
0.071713716560063631 0.059761430466719681 -0.035856858280031816
0.074420840753525078 0.062017367294604234 -0.024806946917841698
0.076200076200114319 0.063500063500095252 -0.012700012700019057
0.076822127959737585 0.064018439966447988 0
0.076200076200114319 0.063500063500095252 0.012700012700019039
0.074420840753525078 0.062017367294604234 0.024806946917841688
0.071713716560063631 0.059761430466719681 0.035856858280031816
0.068376345875782771 0.05698028822981898 0.045584230583855176
0.064699663922063055 0.053916386601719213 0.053916386601719213
0.060920769908017147 0.050767308256680958 0.060920769908017147
0.057735026918962588 0.057735026918962588 -0.057735026918962588
0.06092076990801714 0.06092076990801714 -0.050767308256680958
0.063960214906683119 0.063960214906683119 -0.042640143271122088
0.066666666666666666 0.066666666666666666 -0.033333333333333333
0.068824720161168529 0.068824720161168529 -0.022941573387056182
0.070224688317678349 0.070224688317678349 -0.011704114719613063
0.070710678118654752 0.070710678118654752 0
0.070224688317678349 0.070224688317678349 0.011704114719613048
0.068824720161168529 0.068824720161168529 0.022941573387056172
0.066666666666666666 0.066666666666666666 0.033333333333333333
0.063960214906683133 0.063960214906683133 0.042640143271122082
0.060920769908017147 0.060920769908017147 0.050767308256680958
0.057735026918962588 0.057735026918962588 0.057735026918962588
-0.057735026918962588 0.057735026918962588 -0.057735026918962588
-0.06092076990801714 0.06092076990801714 -0.050767308256680958
-0.063960214906683119 0.063960214906683119 -0.042640143271122088
-0.066666666666666666 0.066666666666666666 -0.033333333333333333
-0.068824720161168529 0.068824720161168529 -0.022941573387056182
-0.070224688317678349 0.070224688317678349 -0.011704114719613063
-0.070710678118654752 0.070710678118654752 0
-0.070224688317678349 0.070224688317678349 0.011704114719613048
-0.068824720161168529 0.068824720161168529 0.022941573387056172
-0.066666666666666666 0.066666666666666666 0.033333333333333333
-0.063960214906683133 0.063960214906683133 0.042640143271122082
-0.060920769908017147 0.060920769908017147 0.050767308256680958
-0.057735026918962588 0.057735026918962588 0.057735026918962588
-0.06092076990801714 0.050767308256680958 -0.06092076990801714
-0.064699663922063042 0.053916386601719206 -0.053916386601719206
-0.068376345875782771 0.056980288229818966 -0.045584230583855183
-0.071713716560063617 0.059761430466719681 -0.035856858280031809
-0.074420840753525064 0.06201736729460422 -0.024806946917841691
-0.076200076200114292 0.063500063500095252 -0.012700012700019053
-0.076822127959737585 0.064018439966447988 0
-0.076200076200114319 0.063500063500095266 0.012700012700019039
-0.074420840753525064 0.06201736729460422 0.024806946917841684
-0.071713716560063617 0.059761430466719681 0.035856858280031809
-0.068376345875782771 0.05698028822981898 0.045584230583855169
-0.064699663922063055 0.053916386601719213 0.053916386601719206
-0.06092076990801714 0.050767308256680958 0.06092076990801714
-0.063960214906683119 0.042640143271122088 -0.063960214906683119
-0.068376345875782771 0.045584230583855183 -0.056980288229818966
-0.072760687510899882 0.048507125007266595 -0.048507125007266595
-0.076822127959737585 0.05121475197315839 -0.038411063979868793
-0.080178372573727313 0.053452248382484885 -0.026726124191242442
-0.082416338369213415 0.054944225579475606 -0.013736056394868907
-0.083205029433784383 0.055470019622522918 0
-0.082416338369213415 0.05494422557947562 0.013736056394868891
-0.080178372573727313 0.053452248382484885 0.026726124191242429
-0.076822127959737585 0.05121475197315839 0.038411063979868793
-0.072760687510899896 0.048507125007266602 0.048507125007266588
-0.068376345875782771 0.04558423058385519 0.056980288229818966
-0.063960214906683119 0.042640143271122088 0.063960214906683119
-0.066666666666666666 0.033333333333333333 -0.066666666666666666
-0.071713716560063617 0.035856858280031809 -0.059761430466719681
-0.076822127959737585 0.038411063979868793 -0.05121475197315839
-0.081649658092772623 0.040824829046386311 -0.040824829046386311
-0.085714285714285715 0.042857142857142858 -0.028571428571428577
-0.08846517369293827 0.044232586846469135 -0.01474419561548972
-0.089442719099991588 0.044721359549995794 0
-0.088465173692938284 0.044232586846469142 0.014744195615489702
-0.085714285714285715 0.042857142857142858 0.028571428571428567
-0.081649658092772623 0.040824829046386311 0.040824829046386311
-0.076822127959737585 0.038411063979868793 0.051214751973158383
-0.071713716560063631 0.035856858280031816 0.059761430466719681
-0.066666666666666666 0.033333333333333333 0.066666666666666666
-0.068824720161168529 0.022941573387056182 -0.068824720161168529
-0.074420840753525064 0.024806946917841691 -0.06201736729460422
-0.080178372573727313 0.026726124191242442 -0.053452248382484885
-0.085714285714285715 0.028571428571428577 -0.042857142857142858
-0.090453403373329078 0.030151134457776365 -0.030151134457776365
-0.093704257133163646 0.031234752377721216 -0.015617376188860613
-0.094868329805051388 0.031622776601683798 0
-0.093704257133163646 0.031234752377721216 0.015617376188860594
-0.090453403373329078 0.030151134457776365 0.030151134457776355
-0.085714285714285715 0.028571428571428577 0.042857142857142858
-0.080178372573727327 0.026726124191242446 0.053452248382484871
-0.074420840753525078 0.024806946917841698 0.062017367294604234
-0.068824720161168529 0.022941573387056182 0.068824720161168529
-0.070224688317678349 0.011704114719613063 -0.070224688317678349
-0.076200076200114319 0.012700012700019057 -0.063500063500095266
-0.082416338369213415 0.01373605639486891 -0.05494422557947562
-0.08846517369293827 0.01474419561548972 -0.044232586846469135
-0.093704257133163646 0.015617376188860613 -0.031234752377721216
-0.097332852678457524 0.016222142113076262 -0.016222142113076262
-0.098639392383214369 0.016439898730535734 0
-0.097332852678457524 0.016222142113076262 0.016222142113076238
-0.093704257133163646 0.015617376188860613 0.031234752377721206
-0.08846517369293827 0.01474419561548972 0.044232586846469135
-0.082416338369213415 0.01373605639486891 0.054944225579475606
-0.076200076200114319 0.012700012700019057 0.063500063500095252
-0.070224688317678349 0.011704114719613063 0.070224688317678349
-0.070710678118654752 -0 -0.070710678118654752
-0.076822127959737585 -0 -0.064018439966447988
-0.083205029433784383 -0 -0.055470019622522918
-0.089442719099991588 -0 -0.044721359549995794
-0.094868329805051388 -0 -0.031622776601683798
-0.098639392383214369 -0 -0.016439898730535734
-0.10000000000000001 -0 0
-0.098639392383214397 -0 0.016439898730535717
-0.094868329805051388 -0 0.031622776601683784
-0.089442719099991588 -0 0.044721359549995794
-0.083205029433784383 -0 0.055470019622522918
-0.076822127959737585 -0 0.064018439966447988
-0.070710678118654752 -0 0.070710678118654752
-0.070224688317678349 -0.011704114719613048 -0.070224688317678349
-0.076200076200114319 -0.012700012700019039 -0.063500063500095266
-0.082416338369213415 -0.013736056394868891 -0.05494422557947562
-0.088465173692938284 -0.014744195615489702 -0.044232586846469142
-0.093704257133163646 -0.015617376188860594 -0.031234752377721216
-0.097332852678457524 -0.016222142113076238 -0.016222142113076262
-0.098639392383214397 -0.016439898730535717 0
-0.097332852678457538 -0.016222142113076241 0.016222142113076241
-0.093704257133163646 -0.015617376188860594 0.031234752377721206
-0.088465173692938284 -0.014744195615489702 0.044232586846469142
-0.082416338369213415 -0.013736056394868891 0.054944225579475606
-0.076200076200114319 -0.012700012700019039 0.063500063500095252
-0.070224688317678349 -0.011704114719613048 0.070224688317678349
-0.068824720161168529 -0.022941573387056172 -0.068824720161168529
-0.074420840753525064 -0.024806946917841684 -0.06201736729460422
-0.080178372573727313 -0.026726124191242429 -0.053452248382484885
-0.085714285714285715 -0.028571428571428567 -0.042857142857142858
-0.090453403373329078 -0.030151134457776355 -0.030151134457776365
-0.093704257133163646 -0.031234752377721206 -0.015617376188860613
-0.094868329805051388 -0.031622776601683784 0
-0.093704257133163646 -0.031234752377721206 0.015617376188860594
-0.090453403373329078 -0.030151134457776355 0.030151134457776355
-0.085714285714285715 -0.028571428571428567 0.042857142857142858
-0.080178372573727327 -0.026726124191242435 0.053452248382484871
-0.074420840753525078 -0.024806946917841688 0.062017367294604234
-0.068824720161168529 -0.022941573387056172 0.068824720161168529
-0.066666666666666666 -0.033333333333333333 -0.066666666666666666
-0.071713716560063617 -0.035856858280031809 -0.059761430466719681
-0.076822127959737585 -0.038411063979868793 -0.05121475197315839
-0.081649658092772623 -0.040824829046386311 -0.040824829046386311
-0.085714285714285715 -0.042857142857142858 -0.028571428571428577
-0.08846517369293827 -0.044232586846469135 -0.01474419561548972
-0.089442719099991588 -0.044721359549995794 0
-0.088465173692938284 -0.044232586846469142 0.014744195615489702
-0.085714285714285715 -0.042857142857142858 0.028571428571428567
-0.081649658092772623 -0.040824829046386311 0.040824829046386311
-0.076822127959737585 -0.038411063979868793 0.051214751973158383
-0.071713716560063631 -0.035856858280031816 0.059761430466719681
-0.066666666666666666 -0.033333333333333333 0.066666666666666666
-0.063960214906683133 -0.042640143271122082 -0.063960214906683133
-0.068376345875782771 -0.045584230583855169 -0.05698028822981898
-0.072760687510899896 -0.048507125007266588 -0.048507125007266602
-0.076822127959737585 -0.051214751973158383 -0.038411063979868793
-0.080178372573727327 -0.053452248382484871 -0.026726124191242446
-0.082416338369213415 -0.054944225579475606 -0.01373605639486891
-0.083205029433784383 -0.055470019622522918 0
-0.082416338369213415 -0.054944225579475606 0.013736056394868891
-0.080178372573727327 -0.053452248382484871 0.026726124191242435
-0.076822127959737585 -0.051214751973158383 0.038411063979868793
-0.07276068751089991 -0.048507125007266595 0.048507125007266595
-0.068376345875782771 -0.045584230583855176 0.05698028822981898
-0.063960214906683133 -0.042640143271122082 0.063960214906683133
-0.060920769908017147 -0.050767308256680958 -0.060920769908017147
-0.064699663922063055 -0.053916386601719206 -0.053916386601719213
-0.068376345875782771 -0.056980288229818966 -0.04558423058385519
-0.071713716560063631 -0.059761430466719681 -0.035856858280031816
-0.074420840753525078 -0.062017367294604234 -0.024806946917841698
-0.076200076200114319 -0.063500063500095252 -0.012700012700019057
-0.076822127959737585 -0.064018439966447988 0
-0.076200076200114319 -0.063500063500095252 0.012700012700019039
-0.074420840753525078 -0.062017367294604234 0.024806946917841688
-0.071713716560063631 -0.059761430466719681 0.035856858280031816
-0.068376345875782771 -0.05698028822981898 0.045584230583855176
-0.064699663922063055 -0.053916386601719213 0.053916386601719213
-0.060920769908017147 -0.050767308256680958 0.060920769908017147
-0.057735026918962588 -0.057735026918962588 -0.057735026918962588
-0.06092076990801714 -0.06092076990801714 -0.050767308256680958
-0.063960214906683119 -0.063960214906683119 -0.042640143271122088
-0.066666666666666666 -0.066666666666666666 -0.033333333333333333
-0.068824720161168529 -0.068824720161168529 -0.022941573387056182
-0.070224688317678349 -0.070224688317678349 -0.011704114719613063
-0.070710678118654752 -0.070710678118654752 0
-0.070224688317678349 -0.070224688317678349 0.011704114719613048
-0.068824720161168529 -0.068824720161168529 0.022941573387056172
-0.066666666666666666 -0.066666666666666666 0.033333333333333333
-0.063960214906683133 -0.063960214906683133 0.042640143271122082
-0.060920769908017147 -0.060920769908017147 0.050767308256680958
-0.057735026918962588 -0.057735026918962588 0.057735026918962588
0.050767308256680958 0.06092076990801714 -0.06092076990801714
0.053916386601719206 0.064699663922063042 -0.053916386601719206
0.056980288229818966 0.068376345875782771 -0.045584230583855183
0.059761430466719681 0.071713716560063617 -0.035856858280031809
0.06201736729460422 0.074420840753525064 -0.024806946917841691
0.063500063500095252 0.076200076200114292 -0.012700012700019053
0.064018439966447988 0.076822127959737585 0
0.063500063500095266 0.076200076200114319 0.012700012700019039
0.06201736729460422 0.074420840753525064 0.024806946917841684
0.059761430466719681 0.071713716560063617 0.035856858280031809
0.05698028822981898 0.068376345875782771 0.045584230583855169
0.053916386601719213 0.064699663922063055 0.053916386601719206
0.050767308256680958 0.06092076990801714 0.06092076990801714
0.042640143271122088 0.063960214906683119 -0.063960214906683119
0.045584230583855183 0.068376345875782771 -0.056980288229818966
0.048507125007266595 0.072760687510899882 -0.048507125007266595
0.05121475197315839 0.076822127959737585 -0.038411063979868793
0.053452248382484885 0.080178372573727313 -0.026726124191242442
0.054944225579475606 0.082416338369213415 -0.013736056394868907
0.055470019622522918 0.083205029433784383 0
0.05494422557947562 0.082416338369213415 0.013736056394868891
0.053452248382484885 0.080178372573727313 0.026726124191242429
0.05121475197315839 0.076822127959737585 0.038411063979868793
0.048507125007266602 0.072760687510899896 0.048507125007266588
0.04558423058385519 0.068376345875782771 0.056980288229818966
0.042640143271122088 0.063960214906683119 0.063960214906683119
0.033333333333333333 0.066666666666666666 -0.066666666666666666
0.035856858280031809 0.071713716560063617 -0.059761430466719681
0.038411063979868793 0.076822127959737585 -0.05121475197315839
0.040824829046386311 0.081649658092772623 -0.040824829046386311
0.042857142857142858 0.085714285714285715 -0.028571428571428577
0.044232586846469135 0.08846517369293827 -0.01474419561548972
0.044721359549995794 0.089442719099991588 0
0.044232586846469142 0.088465173692938284 0.014744195615489702
0.042857142857142858 0.085714285714285715 0.028571428571428567
0.040824829046386311 0.081649658092772623 0.040824829046386311
0.038411063979868793 0.076822127959737585 0.051214751973158383
0.035856858280031816 0.071713716560063631 0.059761430466719681
0.033333333333333333 0.066666666666666666 0.066666666666666666
0.022941573387056182 0.068824720161168529 -0.068824720161168529
0.024806946917841691 0.074420840753525064 -0.06201736729460422
0.026726124191242442 0.080178372573727313 -0.053452248382484885
0.028571428571428577 0.085714285714285715 -0.042857142857142858
0.030151134457776365 0.090453403373329078 -0.030151134457776365
0.031234752377721216 0.093704257133163646 -0.015617376188860613
0.031622776601683798 0.094868329805051388 0
0.031234752377721216 0.093704257133163646 0.015617376188860594
0.030151134457776365 0.090453403373329078 0.030151134457776355
0.028571428571428577 0.085714285714285715 0.042857142857142858
0.026726124191242446 0.080178372573727327 0.053452248382484871
0.024806946917841698 0.074420840753525078 0.062017367294604234
0.022941573387056182 0.068824720161168529 0.068824720161168529
0.011704114719613063 0.070224688317678349 -0.070224688317678349
0.012700012700019057 0.076200076200114319 -0.063500063500095266
0.01373605639486891 0.082416338369213415 -0.05494422557947562
0.01474419561548972 0.08846517369293827 -0.044232586846469135
0.015617376188860613 0.093704257133163646 -0.031234752377721216
0.016222142113076262 0.097332852678457524 -0.016222142113076262
0.016439898730535734 0.098639392383214369 0
0.016222142113076262 0.097332852678457524 0.016222142113076238
0.015617376188860613 0.093704257133163646 0.031234752377721206
0.01474419561548972 0.08846517369293827 0.044232586846469135
0.01373605639486891 0.082416338369213415 0.054944225579475606
0.012700012700019057 0.076200076200114319 0.063500063500095252
0.011704114719613063 0.070224688317678349 0.070224688317678349
-0 0.070710678118654752 -0.070710678118654752
-0 0.076822127959737585 -0.064018439966447988
-0 0.083205029433784383 -0.055470019622522918
-0 0.089442719099991588 -0.044721359549995794
-0 0.094868329805051388 -0.031622776601683798
-0 0.098639392383214369 -0.016439898730535734
-0 0.10000000000000001 0
-0 0.098639392383214397 0.016439898730535717
-0 0.094868329805051388 0.031622776601683784
-0 0.089442719099991588 0.044721359549995794
-0 0.083205029433784383 0.055470019622522918
-0 0.076822127959737585 0.064018439966447988
-0 0.070710678118654752 0.070710678118654752
-0.011704114719613048 0.070224688317678349 -0.070224688317678349
-0.012700012700019039 0.076200076200114319 -0.063500063500095266
-0.013736056394868891 0.082416338369213415 -0.05494422557947562
-0.014744195615489702 0.088465173692938284 -0.044232586846469142
-0.015617376188860594 0.093704257133163646 -0.031234752377721216
-0.016222142113076238 0.097332852678457524 -0.016222142113076262
-0.016439898730535717 0.098639392383214397 0
-0.016222142113076241 0.097332852678457538 0.016222142113076241
-0.015617376188860594 0.093704257133163646 0.031234752377721206
-0.014744195615489702 0.088465173692938284 0.044232586846469142
-0.013736056394868891 0.082416338369213415 0.054944225579475606
-0.012700012700019039 0.076200076200114319 0.063500063500095252
-0.011704114719613048 0.070224688317678349 0.070224688317678349
-0.022941573387056172 0.068824720161168529 -0.068824720161168529
-0.024806946917841684 0.074420840753525064 -0.06201736729460422
-0.026726124191242429 0.080178372573727313 -0.053452248382484885
-0.028571428571428567 0.085714285714285715 -0.042857142857142858
-0.030151134457776355 0.090453403373329078 -0.030151134457776365
-0.031234752377721206 0.093704257133163646 -0.015617376188860613
-0.031622776601683784 0.094868329805051388 0
-0.031234752377721206 0.093704257133163646 0.015617376188860594
-0.030151134457776355 0.090453403373329078 0.030151134457776355
-0.028571428571428567 0.085714285714285715 0.042857142857142858
-0.026726124191242435 0.080178372573727327 0.053452248382484871
-0.024806946917841688 0.074420840753525078 0.062017367294604234
-0.022941573387056172 0.068824720161168529 0.068824720161168529
-0.033333333333333333 0.066666666666666666 -0.066666666666666666
-0.035856858280031809 0.071713716560063617 -0.059761430466719681
-0.038411063979868793 0.076822127959737585 -0.05121475197315839
-0.040824829046386311 0.081649658092772623 -0.040824829046386311
-0.042857142857142858 0.085714285714285715 -0.028571428571428577
-0.044232586846469135 0.08846517369293827 -0.01474419561548972
-0.044721359549995794 0.089442719099991588 0
-0.044232586846469142 0.088465173692938284 0.014744195615489702
-0.042857142857142858 0.085714285714285715 0.028571428571428567
-0.040824829046386311 0.081649658092772623 0.040824829046386311
-0.038411063979868793 0.076822127959737585 0.051214751973158383
-0.035856858280031816 0.071713716560063631 0.059761430466719681
-0.033333333333333333 0.066666666666666666 0.066666666666666666
-0.042640143271122082 0.063960214906683133 -0.063960214906683133
-0.045584230583855169 0.068376345875782771 -0.05698028822981898
-0.048507125007266588 0.072760687510899896 -0.048507125007266602
-0.051214751973158383 0.076822127959737585 -0.038411063979868793
-0.053452248382484871 0.080178372573727327 -0.026726124191242446
-0.054944225579475606 0.082416338369213415 -0.01373605639486891
-0.055470019622522918 0.083205029433784383 0
-0.054944225579475606 0.082416338369213415 0.013736056394868891
-0.053452248382484871 0.080178372573727327 0.026726124191242435
-0.051214751973158383 0.076822127959737585 0.038411063979868793
-0.048507125007266595 0.07276068751089991 0.048507125007266595
-0.045584230583855176 0.068376345875782771 0.05698028822981898
-0.042640143271122082 0.063960214906683133 0.063960214906683133
-0.050767308256680958 0.060920769908017147 -0.060920769908017147
-0.053916386601719206 0.064699663922063055 -0.053916386601719213
-0.056980288229818966 0.068376345875782771 -0.04558423058385519
-0.059761430466719681 0.071713716560063631 -0.035856858280031816
-0.062017367294604234 0.074420840753525078 -0.024806946917841698
-0.063500063500095252 0.076200076200114319 -0.012700012700019057
-0.064018439966447988 0.076822127959737585 0
-0.063500063500095252 0.076200076200114319 0.012700012700019039
-0.062017367294604234 0.074420840753525078 0.024806946917841688
-0.059761430466719681 0.071713716560063631 0.035856858280031816
-0.05698028822981898 0.068376345875782771 0.045584230583855176
-0.053916386601719213 0.064699663922063055 0.053916386601719213
-0.050767308256680958 0.060920769908017147 0.060920769908017147
-0.050767308256680958 -0.06092076990801714 -0.06092076990801714
-0.053916386601719206 -0.064699663922063042 -0.053916386601719206
-0.056980288229818966 -0.068376345875782771 -0.045584230583855183
-0.059761430466719681 -0.071713716560063617 -0.035856858280031809
-0.06201736729460422 -0.074420840753525064 -0.024806946917841691
-0.063500063500095252 -0.076200076200114292 -0.012700012700019053
-0.064018439966447988 -0.076822127959737585 0
-0.063500063500095266 -0.076200076200114319 0.012700012700019039
-0.06201736729460422 -0.074420840753525064 0.024806946917841684
-0.059761430466719681 -0.071713716560063617 0.035856858280031809
-0.05698028822981898 -0.068376345875782771 0.045584230583855169
-0.053916386601719213 -0.064699663922063055 0.053916386601719206
-0.050767308256680958 -0.06092076990801714 0.06092076990801714
-0.042640143271122088 -0.063960214906683119 -0.063960214906683119
-0.045584230583855183 -0.068376345875782771 -0.056980288229818966
-0.048507125007266595 -0.072760687510899882 -0.048507125007266595
-0.05121475197315839 -0.076822127959737585 -0.038411063979868793
-0.053452248382484885 -0.080178372573727313 -0.026726124191242442
-0.054944225579475606 -0.082416338369213415 -0.013736056394868907
-0.055470019622522918 -0.083205029433784383 0
-0.05494422557947562 -0.082416338369213415 0.013736056394868891
-0.053452248382484885 -0.080178372573727313 0.026726124191242429
-0.05121475197315839 -0.076822127959737585 0.038411063979868793
-0.048507125007266602 -0.072760687510899896 0.048507125007266588
-0.04558423058385519 -0.068376345875782771 0.056980288229818966
-0.042640143271122088 -0.063960214906683119 0.063960214906683119
-0.033333333333333333 -0.066666666666666666 -0.066666666666666666
-0.035856858280031809 -0.071713716560063617 -0.059761430466719681
-0.038411063979868793 -0.076822127959737585 -0.05121475197315839
-0.040824829046386311 -0.081649658092772623 -0.040824829046386311
-0.042857142857142858 -0.085714285714285715 -0.028571428571428577
-0.044232586846469135 -0.08846517369293827 -0.01474419561548972
-0.044721359549995794 -0.089442719099991588 0
-0.044232586846469142 -0.088465173692938284 0.014744195615489702
-0.042857142857142858 -0.085714285714285715 0.028571428571428567
-0.040824829046386311 -0.081649658092772623 0.040824829046386311
-0.038411063979868793 -0.076822127959737585 0.051214751973158383
-0.035856858280031816 -0.071713716560063631 0.059761430466719681
-0.033333333333333333 -0.066666666666666666 0.066666666666666666
-0.022941573387056182 -0.068824720161168529 -0.068824720161168529
-0.024806946917841691 -0.074420840753525064 -0.06201736729460422
-0.026726124191242442 -0.080178372573727313 -0.053452248382484885
-0.028571428571428577 -0.085714285714285715 -0.042857142857142858
-0.030151134457776365 -0.090453403373329078 -0.030151134457776365
-0.031234752377721216 -0.093704257133163646 -0.015617376188860613
-0.031622776601683798 -0.094868329805051388 0
-0.031234752377721216 -0.093704257133163646 0.015617376188860594
-0.030151134457776365 -0.090453403373329078 0.030151134457776355
-0.028571428571428577 -0.085714285714285715 0.042857142857142858
-0.026726124191242446 -0.080178372573727327 0.053452248382484871
-0.024806946917841698 -0.074420840753525078 0.062017367294604234
-0.022941573387056182 -0.068824720161168529 0.068824720161168529
-0.011704114719613063 -0.070224688317678349 -0.070224688317678349
-0.012700012700019057 -0.076200076200114319 -0.063500063500095266
-0.01373605639486891 -0.082416338369213415 -0.05494422557947562
-0.01474419561548972 -0.08846517369293827 -0.044232586846469135
-0.015617376188860613 -0.093704257133163646 -0.031234752377721216
-0.016222142113076262 -0.097332852678457524 -0.016222142113076262
-0.016439898730535734 -0.098639392383214369 0
-0.016222142113076262 -0.097332852678457524 0.016222142113076238
-0.015617376188860613 -0.093704257133163646 0.031234752377721206
-0.01474419561548972 -0.08846517369293827 0.044232586846469135
-0.01373605639486891 -0.082416338369213415 0.054944225579475606
-0.012700012700019057 -0.076200076200114319 0.063500063500095252
-0.011704114719613063 -0.070224688317678349 0.070224688317678349
0 -0.070710678118654752 -0.070710678118654752
0 -0.076822127959737585 -0.064018439966447988
0 -0.083205029433784383 -0.055470019622522918
0 -0.089442719099991588 -0.044721359549995794
0 -0.094868329805051388 -0.031622776601683798
0 -0.098639392383214369 -0.016439898730535734
0 -0.10000000000000001 0
0 -0.098639392383214397 0.016439898730535717
0 -0.094868329805051388 0.031622776601683784
0 -0.089442719099991588 0.044721359549995794
0 -0.083205029433784383 0.055470019622522918
0 -0.076822127959737585 0.064018439966447988
0 -0.070710678118654752 0.070710678118654752
0.011704114719613048 -0.070224688317678349 -0.070224688317678349
0.012700012700019039 -0.076200076200114319 -0.063500063500095266
0.013736056394868891 -0.082416338369213415 -0.05494422557947562
0.014744195615489702 -0.088465173692938284 -0.044232586846469142
0.015617376188860594 -0.093704257133163646 -0.031234752377721216
0.016222142113076238 -0.097332852678457524 -0.016222142113076262
0.016439898730535717 -0.098639392383214397 0
0.016222142113076241 -0.097332852678457538 0.016222142113076241
0.015617376188860594 -0.093704257133163646 0.031234752377721206
0.014744195615489702 -0.088465173692938284 0.044232586846469142
0.013736056394868891 -0.082416338369213415 0.054944225579475606
0.012700012700019039 -0.076200076200114319 0.063500063500095252
0.011704114719613048 -0.070224688317678349 0.070224688317678349
0.022941573387056172 -0.068824720161168529 -0.068824720161168529
0.024806946917841684 -0.074420840753525064 -0.06201736729460422
0.026726124191242429 -0.080178372573727313 -0.053452248382484885
0.028571428571428567 -0.085714285714285715 -0.042857142857142858
0.030151134457776355 -0.090453403373329078 -0.030151134457776365
0.031234752377721206 -0.093704257133163646 -0.015617376188860613
0.031622776601683784 -0.094868329805051388 0
0.031234752377721206 -0.093704257133163646 0.015617376188860594
0.030151134457776355 -0.090453403373329078 0.030151134457776355
0.028571428571428567 -0.085714285714285715 0.042857142857142858
0.026726124191242435 -0.080178372573727327 0.053452248382484871
0.024806946917841688 -0.074420840753525078 0.062017367294604234
0.022941573387056172 -0.068824720161168529 0.068824720161168529
0.033333333333333333 -0.066666666666666666 -0.066666666666666666
0.035856858280031809 -0.071713716560063617 -0.059761430466719681
0.038411063979868793 -0.076822127959737585 -0.05121475197315839
0.040824829046386311 -0.081649658092772623 -0.040824829046386311
0.042857142857142858 -0.085714285714285715 -0.028571428571428577
0.044232586846469135 -0.08846517369293827 -0.01474419561548972
0.044721359549995794 -0.089442719099991588 0
0.044232586846469142 -0.088465173692938284 0.014744195615489702
0.042857142857142858 -0.085714285714285715 0.028571428571428567
0.040824829046386311 -0.081649658092772623 0.040824829046386311
0.038411063979868793 -0.076822127959737585 0.051214751973158383
0.035856858280031816 -0.071713716560063631 0.059761430466719681
0.033333333333333333 -0.066666666666666666 0.066666666666666666
0.042640143271122082 -0.063960214906683133 -0.063960214906683133
0.045584230583855169 -0.068376345875782771 -0.05698028822981898
0.048507125007266588 -0.072760687510899896 -0.048507125007266602
0.051214751973158383 -0.076822127959737585 -0.038411063979868793
0.053452248382484871 -0.080178372573727327 -0.026726124191242446
0.054944225579475606 -0.082416338369213415 -0.01373605639486891
0.055470019622522918 -0.083205029433784383 0
0.054944225579475606 -0.082416338369213415 0.013736056394868891
0.053452248382484871 -0.080178372573727327 0.026726124191242435
0.051214751973158383 -0.076822127959737585 0.038411063979868793
0.048507125007266595 -0.07276068751089991 0.048507125007266595
0.045584230583855176 -0.068376345875782771 0.05698028822981898
0.042640143271122082 -0.063960214906683133 0.063960214906683133
0.050767308256680958 -0.060920769908017147 -0.060920769908017147
0.053916386601719206 -0.064699663922063055 -0.053916386601719213
0.056980288229818966 -0.068376345875782771 -0.04558423058385519
0.059761430466719681 -0.071713716560063631 -0.035856858280031816
0.062017367294604234 -0.074420840753525078 -0.024806946917841698
0.063500063500095252 -0.076200076200114319 -0.012700012700019057
0.064018439966447988 -0.076822127959737585 0
0.063500063500095252 -0.076200076200114319 0.012700012700019039
0.062017367294604234 -0.074420840753525078 0.024806946917841688
0.059761430466719681 -0.071713716560063631 0.035856858280031816
0.05698028822981898 -0.068376345875782771 0.045584230583855176
0.053916386601719213 -0.064699663922063055 0.053916386601719213
0.050767308256680958 -0.060920769908017147 0.060920769908017147
-0.053916386601719206 -0.053916386601719206 0.064699663922063042
-0.056980288229818966 -0.045584230583855183 0.068376345875782771
-0.059761430466719681 -0.035856858280031809 0.071713716560063617
-0.06201736729460422 -0.024806946917841691 0.074420840753525064
-0.063500063500095266 -0.012700012700019057 0.076200076200114319
-0.064018439966447988 0 0.076822127959737585
-0.063500063500095266 0.012700012700019039 0.076200076200114319
-0.062017367294604234 0.024806946917841688 0.074420840753525078
-0.059761430466719681 0.035856858280031809 0.071713716560063617
-0.05698028822981898 0.045584230583855169 0.068376345875782771
-0.053916386601719213 0.053916386601719206 0.064699663922063055
-0.045584230583855183 -0.056980288229818966 0.068376345875782771
-0.048507125007266602 -0.048507125007266602 0.072760687510899896
-0.05121475197315839 -0.038411063979868793 0.076822127959737585
-0.053452248382484885 -0.026726124191242442 0.080178372573727313
-0.05494422557947562 -0.01373605639486891 0.082416338369213415
-0.055470019622522918 0 0.083205029433784383
-0.05494422557947562 0.013736056394868891 0.082416338369213415
-0.053452248382484892 0.026726124191242435 0.080178372573727327
-0.05121475197315839 0.038411063979868793 0.076822127959737585
-0.048507125007266602 0.048507125007266588 0.072760687510899896
-0.04558423058385519 0.056980288229818966 0.068376345875782771
-0.035856858280031809 -0.059761430466719681 0.071713716560063617
-0.038411063979868793 -0.05121475197315839 0.076822127959737585
-0.040824829046386311 -0.040824829046386311 0.081649658092772623
-0.042857142857142858 -0.028571428571428577 0.085714285714285715
-0.044232586846469142 -0.014744195615489723 0.088465173692938284
-0.044721359549995794 0 0.089442719099991588
-0.044232586846469142 0.014744195615489702 0.088465173692938284
-0.042857142857142858 0.028571428571428567 0.085714285714285715
-0.040824829046386311 0.040824829046386311 0.081649658092772623
-0.038411063979868793 0.051214751973158383 0.076822127959737585
-0.035856858280031816 0.059761430466719681 0.071713716560063631
-0.024806946917841691 -0.06201736729460422 0.074420840753525064
-0.026726124191242442 -0.053452248382484885 0.080178372573727313
-0.028571428571428577 -0.042857142857142858 0.085714285714285715
-0.030151134457776365 -0.030151134457776365 0.090453403373329078
-0.031234752377721216 -0.015617376188860613 0.093704257133163646
-0.031622776601683798 0 0.094868329805051388
-0.031234752377721216 0.015617376188860594 0.093704257133163646
-0.030151134457776365 0.030151134457776355 0.090453403373329078
-0.028571428571428577 0.042857142857142858 0.085714285714285715
-0.026726124191242446 0.053452248382484871 0.080178372573727327
-0.024806946917841698 0.062017367294604234 0.074420840753525078
-0.012700012700019057 -0.063500063500095266 0.076200076200114319
-0.01373605639486891 -0.05494422557947562 0.082416338369213415
-0.014744195615489723 -0.044232586846469142 0.088465173692938284
-0.015617376188860613 -0.031234752377721216 0.093704257133163646
-0.016222142113076262 -0.016222142113076262 0.097332852678457524
-0.016439898730535734 0 0.098639392383214369
-0.016222142113076262 0.016222142113076238 0.097332852678457524
-0.015617376188860613 0.031234752377721206 0.093704257133163646
-0.014744195615489723 0.044232586846469142 0.088465173692938284
-0.01373605639486891 0.054944225579475606 0.082416338369213415
-0.012700012700019057 0.063500063500095252 0.076200076200114319
0 -0.064018439966447988 0.076822127959737585
0 -0.055470019622522918 0.083205029433784383
0 -0.044721359549995794 0.089442719099991588
0 -0.031622776601683798 0.094868329805051388
0 -0.016439898730535734 0.098639392383214369
0 0 0.10000000000000001
0 0.016439898730535717 0.098639392383214397
0 0.031622776601683784 0.094868329805051388
0 0.044721359549995794 0.089442719099991588
0 0.055470019622522918 0.083205029433784383
0 0.064018439966447988 0.076822127959737585
0.012700012700019039 -0.063500063500095266 0.076200076200114319
0.013736056394868891 -0.05494422557947562 0.082416338369213415
0.014744195615489702 -0.044232586846469142 0.088465173692938284
0.015617376188860594 -0.031234752377721216 0.093704257133163646
0.016222142113076238 -0.016222142113076262 0.097332852678457524
0.016439898730535717 0 0.098639392383214397
0.016222142113076241 0.016222142113076241 0.097332852678457538
0.015617376188860594 0.031234752377721206 0.093704257133163646
0.014744195615489702 0.044232586846469142 0.088465173692938284
0.013736056394868891 0.054944225579475606 0.082416338369213415
0.012700012700019039 0.063500063500095252 0.076200076200114319
0.024806946917841688 -0.062017367294604234 0.074420840753525078
0.026726124191242435 -0.053452248382484892 0.080178372573727327
0.028571428571428567 -0.042857142857142858 0.085714285714285715
0.030151134457776355 -0.030151134457776365 0.090453403373329078
0.031234752377721206 -0.015617376188860613 0.093704257133163646
0.031622776601683784 0 0.094868329805051388
0.031234752377721206 0.015617376188860594 0.093704257133163646
0.030151134457776358 0.030151134457776358 0.090453403373329092
0.028571428571428567 0.042857142857142858 0.085714285714285715
0.026726124191242435 0.053452248382484871 0.080178372573727327
0.024806946917841688 0.062017367294604234 0.074420840753525078
0.035856858280031809 -0.059761430466719681 0.071713716560063617
0.038411063979868793 -0.05121475197315839 0.076822127959737585
0.040824829046386311 -0.040824829046386311 0.081649658092772623
0.042857142857142858 -0.028571428571428577 0.085714285714285715
0.044232586846469142 -0.014744195615489723 0.088465173692938284
0.044721359549995794 0 0.089442719099991588
0.044232586846469142 0.014744195615489702 0.088465173692938284
0.042857142857142858 0.028571428571428567 0.085714285714285715
0.040824829046386311 0.040824829046386311 0.081649658092772623
0.038411063979868793 0.051214751973158383 0.076822127959737585
0.035856858280031816 0.059761430466719681 0.071713716560063631
0.045584230583855169 -0.05698028822981898 0.068376345875782771
0.048507125007266588 -0.048507125007266602 0.072760687510899896
0.051214751973158383 -0.038411063979868793 0.076822127959737585
0.053452248382484871 -0.026726124191242446 0.080178372573727327
0.054944225579475606 -0.01373605639486891 0.082416338369213415
0.055470019622522918 0 0.083205029433784383
0.054944225579475606 0.013736056394868891 0.082416338369213415
0.053452248382484871 0.026726124191242435 0.080178372573727327
0.051214751973158383 0.038411063979868793 0.076822127959737585
0.048507125007266595 0.048507125007266595 0.07276068751089991
0.045584230583855176 0.05698028822981898 0.068376345875782771
0.053916386601719206 -0.053916386601719213 0.064699663922063055
0.056980288229818966 -0.04558423058385519 0.068376345875782771
0.059761430466719681 -0.035856858280031816 0.071713716560063631
0.062017367294604234 -0.024806946917841698 0.074420840753525078
0.063500063500095252 -0.012700012700019057 0.076200076200114319
0.064018439966447988 0 0.076822127959737585
0.063500063500095252 0.012700012700019039 0.076200076200114319
0.062017367294604234 0.024806946917841688 0.074420840753525078
0.059761430466719681 0.035856858280031816 0.071713716560063631
0.05698028822981898 0.045584230583855176 0.068376345875782771
0.053916386601719213 0.053916386601719213 0.064699663922063055
-0.053916386601719206 0.053916386601719206 -0.064699663922063042
-0.056980288229818966 0.045584230583855183 -0.068376345875782771
-0.059761430466719681 0.035856858280031809 -0.071713716560063617
-0.06201736729460422 0.024806946917841691 -0.074420840753525064
-0.063500063500095266 0.012700012700019057 -0.076200076200114319
-0.064018439966447988 -0 -0.076822127959737585
-0.063500063500095266 -0.012700012700019039 -0.076200076200114319
-0.062017367294604234 -0.024806946917841688 -0.074420840753525078
-0.059761430466719681 -0.035856858280031809 -0.071713716560063617
-0.05698028822981898 -0.045584230583855169 -0.068376345875782771
-0.053916386601719213 -0.053916386601719206 -0.064699663922063055
-0.045584230583855183 0.056980288229818966 -0.068376345875782771
-0.048507125007266602 0.048507125007266602 -0.072760687510899896
-0.05121475197315839 0.038411063979868793 -0.076822127959737585
-0.053452248382484885 0.026726124191242442 -0.080178372573727313
-0.05494422557947562 0.01373605639486891 -0.082416338369213415
-0.055470019622522918 -0 -0.083205029433784383
-0.05494422557947562 -0.013736056394868891 -0.082416338369213415
-0.053452248382484892 -0.026726124191242435 -0.080178372573727327
-0.05121475197315839 -0.038411063979868793 -0.076822127959737585
-0.048507125007266602 -0.048507125007266588 -0.072760687510899896
-0.04558423058385519 -0.056980288229818966 -0.068376345875782771
-0.035856858280031809 0.059761430466719681 -0.071713716560063617
-0.038411063979868793 0.05121475197315839 -0.076822127959737585
-0.040824829046386311 0.040824829046386311 -0.081649658092772623
-0.042857142857142858 0.028571428571428577 -0.085714285714285715
-0.044232586846469142 0.014744195615489723 -0.088465173692938284
-0.044721359549995794 -0 -0.089442719099991588
-0.044232586846469142 -0.014744195615489702 -0.088465173692938284
-0.042857142857142858 -0.028571428571428567 -0.085714285714285715
-0.040824829046386311 -0.040824829046386311 -0.081649658092772623
-0.038411063979868793 -0.051214751973158383 -0.076822127959737585
-0.035856858280031816 -0.059761430466719681 -0.071713716560063631
-0.024806946917841691 0.06201736729460422 -0.074420840753525064
-0.026726124191242442 0.053452248382484885 -0.080178372573727313
-0.028571428571428577 0.042857142857142858 -0.085714285714285715
-0.030151134457776365 0.030151134457776365 -0.090453403373329078
-0.031234752377721216 0.015617376188860613 -0.093704257133163646
-0.031622776601683798 -0 -0.094868329805051388
-0.031234752377721216 -0.015617376188860594 -0.093704257133163646
-0.030151134457776365 -0.030151134457776355 -0.090453403373329078
-0.028571428571428577 -0.042857142857142858 -0.085714285714285715
-0.026726124191242446 -0.053452248382484871 -0.080178372573727327
-0.024806946917841698 -0.062017367294604234 -0.074420840753525078
-0.012700012700019057 0.063500063500095266 -0.076200076200114319
-0.01373605639486891 0.05494422557947562 -0.082416338369213415
-0.014744195615489723 0.044232586846469142 -0.088465173692938284
-0.015617376188860613 0.031234752377721216 -0.093704257133163646
-0.016222142113076262 0.016222142113076262 -0.097332852678457524
-0.016439898730535734 -0 -0.098639392383214369
-0.016222142113076262 -0.016222142113076238 -0.097332852678457524
-0.015617376188860613 -0.031234752377721206 -0.093704257133163646
-0.014744195615489723 -0.044232586846469142 -0.088465173692938284
-0.01373605639486891 -0.054944225579475606 -0.082416338369213415
-0.012700012700019057 -0.063500063500095252 -0.076200076200114319
0 0.064018439966447988 -0.076822127959737585
0 0.055470019622522918 -0.083205029433784383
0 0.044721359549995794 -0.089442719099991588
0 0.031622776601683798 -0.094868329805051388
0 0.016439898730535734 -0.098639392383214369
0 -0 -0.10000000000000001
0 -0.016439898730535717 -0.098639392383214397
0 -0.031622776601683784 -0.094868329805051388
0 -0.044721359549995794 -0.089442719099991588
0 -0.055470019622522918 -0.083205029433784383
0 -0.064018439966447988 -0.076822127959737585
0.012700012700019039 0.063500063500095266 -0.076200076200114319
0.013736056394868891 0.05494422557947562 -0.082416338369213415
0.014744195615489702 0.044232586846469142 -0.088465173692938284
0.015617376188860594 0.031234752377721216 -0.093704257133163646
0.016222142113076238 0.016222142113076262 -0.097332852678457524
0.016439898730535717 -0 -0.098639392383214397
0.016222142113076241 -0.016222142113076241 -0.097332852678457538
0.015617376188860594 -0.031234752377721206 -0.093704257133163646
0.014744195615489702 -0.044232586846469142 -0.088465173692938284
0.013736056394868891 -0.054944225579475606 -0.082416338369213415
0.012700012700019039 -0.063500063500095252 -0.076200076200114319
0.024806946917841688 0.062017367294604234 -0.074420840753525078
0.026726124191242435 0.053452248382484892 -0.080178372573727327
0.028571428571428567 0.042857142857142858 -0.085714285714285715
0.030151134457776355 0.030151134457776365 -0.090453403373329078
0.031234752377721206 0.015617376188860613 -0.093704257133163646
0.031622776601683784 -0 -0.094868329805051388
0.031234752377721206 -0.015617376188860594 -0.093704257133163646
0.030151134457776358 -0.030151134457776358 -0.090453403373329092
0.028571428571428567 -0.042857142857142858 -0.085714285714285715
0.026726124191242435 -0.053452248382484871 -0.080178372573727327
0.024806946917841688 -0.062017367294604234 -0.074420840753525078
0.035856858280031809 0.059761430466719681 -0.071713716560063617
0.038411063979868793 0.05121475197315839 -0.076822127959737585
0.040824829046386311 0.040824829046386311 -0.081649658092772623
0.042857142857142858 0.028571428571428577 -0.085714285714285715
0.044232586846469142 0.014744195615489723 -0.088465173692938284
0.044721359549995794 -0 -0.089442719099991588
0.044232586846469142 -0.014744195615489702 -0.088465173692938284
0.042857142857142858 -0.028571428571428567 -0.085714285714285715
0.040824829046386311 -0.040824829046386311 -0.081649658092772623
0.038411063979868793 -0.051214751973158383 -0.076822127959737585
0.035856858280031816 -0.059761430466719681 -0.071713716560063631
0.045584230583855169 0.05698028822981898 -0.068376345875782771
0.048507125007266588 0.048507125007266602 -0.072760687510899896
0.051214751973158383 0.038411063979868793 -0.076822127959737585
0.053452248382484871 0.026726124191242446 -0.080178372573727327
0.054944225579475606 0.01373605639486891 -0.082416338369213415
0.055470019622522918 -0 -0.083205029433784383
0.054944225579475606 -0.013736056394868891 -0.082416338369213415
0.053452248382484871 -0.026726124191242435 -0.080178372573727327
0.051214751973158383 -0.038411063979868793 -0.076822127959737585
0.048507125007266595 -0.048507125007266595 -0.07276068751089991
0.045584230583855176 -0.05698028822981898 -0.068376345875782771
0.053916386601719206 0.053916386601719213 -0.064699663922063055
0.056980288229818966 0.04558423058385519 -0.068376345875782771
0.059761430466719681 0.035856858280031816 -0.071713716560063631
0.062017367294604234 0.024806946917841698 -0.074420840753525078
0.063500063500095252 0.012700012700019057 -0.076200076200114319
0.064018439966447988 -0 -0.076822127959737585
0.063500063500095252 -0.012700012700019039 -0.076200076200114319
0.062017367294604234 -0.024806946917841688 -0.074420840753525078
0.059761430466719681 -0.035856858280031816 -0.071713716560063631
0.05698028822981898 -0.045584230583855176 -0.068376345875782771
0.053916386601719213 -0.053916386601719213 -0.064699663922063055
